1191275917993 395448.72457774  4440926.10595718
1191275927000 395437.19405319  4440934.68325906
1191275933000 395431.561688746 4440938.70219853
1191275939000 395430.43618443  4440937.87559748
1191275945000 395426.226959831 4440936.64425282
1191275951000 395424.735853633 4440932.22908932
1191275957000 395425.38240216  4440924.0921638
1191275963000 395427.045304712 4440918.13343153
1191275969000 395427.471576032 4440909.84428689
1191275975000 395427.18249142  4440903.44651319
1191275981000 395427.415256378 4440903.47227751
1191275987000 395427.64848401  4440903.19336812
1191275993000 395427.8114029   4440902.42350402
1191275999001 395421.900831855 4440900.02740799
1191276005000 395412.562534922 4440899.90243262
1191276011000 395407.406109107 4440894.30582623
1191276017000 395404.57084918  4440889.01086548
1191276023000 395401.887968118 4440881.47513158
1191276029000 395400.913109004 4440873.93353239
1191276035000 395401.269130925 4440865.30539921
1191276041000 395401.504887386 4440859.55804733
1191276047000 395402.317936351 4440854.01027095
1191276053000 395409.702599555 4440854.3717638
1191276059000 395412.261558671 4440860.43428141
1191276065000 395419.307825847 4440861.15450872
1191276071000 395423.373442547 4440864.79860974
1191276077000 395428.282373434 4440870.18401187
1191276083000 395433.255080909 4440874.75479449
1191276089000 395435.576192108 4440877.09101113
1191276095000 395437.963323824 4440877.14063355
1191276101000 395438.307407004 4440877.37275259
1191276107000 395439.517671225 4440878.24027735
1191276113000 395439.889722728 4440878.47514616
1191276119000 395441.433111588 4440881.63673864
1191276125000 395442.832802953 4440885.14320196
1191276131000 395443.569017231 4440887.21417134
1191276137000 395443.692292869 4440887.2724464
1191276143000 395444.161065406 4440887.81386929
1191276149000 395444.008227174 4440887.50092018
1191276155000 395444.099939287 4440887.65844288
1191276161000 395443.241986452 4440886.73508375
1191276167000 395441.987164823 4440891.73375954
1191276173000 395439.012749404 4440899.37408631
1191276179000 395437.226625333 4440904.87199687
1191276185000 395432.713011403 4440909.41706461
1191276191000 395427.640131613 4440912.26758584
1191276197000 395425.308060714 4440916.14290936
1191276203000 395424.534100016 4440915.94215789
1191276209000 395424.720679869 4440916.540357
1191276215000 395423.221278746 4440914.62286816
1191276221000 395423.513873111 4440919.94371883
1191276227000 395424.795158616 4440913.24924106
1191276233000 395425.98822856  4440905.67555204
1191276239000 395423.023850738 4440898.61156587
1191276245000 395426.605342398 4440886.57199996
1191276251000 395431.168407199 4440878.23155569
1191276257000 395433.009260601 4440871.87068156
1191276263000 395437.019595244 4440869.30051826
1191276269000 395436.815398855 4440868.8373253
1191276275000 395436.899687786 4440868.85157038
1191276281000 395436.798819272 4440869.31012342
1191276287000 395436.569547906 4440869.91826589
1191276293000 395436.237714718 4440870.98877524
1191276299000 395437.121131261 4440869.91223867
1191276305000 395437.654819699 4440869.70930245
1191276311000 395437.857904447 4440869.60128382
1191276317000 395438.17056102  4440870.38457166
1191276323000 395438.714961382 4440870.00807439
1191276329000 395438.885469257 4440869.7863974
1191276335000 395439.170406034 4440869.58473569
1191276341000 395438.514438039 4440869.86280915
1191276347000 395438.98315944  4440869.2372604
1191276353000 395438.373436156 4440868.4171025
1191276359000 395438.753187664 4440867.79012975
1191276365000 395439.820321675 4440867.66005334
1191276371000 395440.417519564 4440867.36385075
1191276377000 395440.368892945 4440867.09115848
1191276383000 395440.483560101 4440866.83042242
1191276389000 395433.320122487 4440871.4154034
1191276395000 395435.539155748 4440870.10124762
1191276401000 395436.699577889 4440869.57618035
1191276407000 395437.052223327 4440869.53289857
1191276413000 395438.591278931 4440868.42237821
1191276419000 395438.838878014 4440868.18370589
1191276425000 395439.191824167 4440868.26698609
1191276431000 395439.665680726 4440868.28237776
1191276437000 395440.874458422 4440869.10763647
1191276443000 395440.224370909 4440869.31237779
1191276449000 395439.850259995 4440869.78807763
1191276455000 395439.791128824 4440869.77642123
1191276461000 395439.358233204 4440869.67163353
1191276467000 395439.70091134  4440869.92591317
1191276473000 395439.158772956 4440870.1613379
1191276479000 395439.398224235 4440870.83783024
1191276485000 395439.135193774 4440870.9284601
1191276491000 395439.080084063 4440870.65430065
1191276497000 395441.41032083  4440867.62375856
1191276503000 395440.796353202 4440868.5805511
1191276509000 395440.824925828 4440868.94707063
1191276515000 395440.601026761 4440868.89438935
1191276521000 395440.16946139  4440869.08217929
1191276527000 395440.17100896  4440869.36272127
1191276533000 395439.816557168 4440869.60892136
1191276539000 395440.012375598 4440869.32260185
1191276545000 395439.685673036 4440869.79517957
1191276551000 395439.373163421 4440869.95272334
1191276557000 395439.227486773 4440870.15109364
1191276563000 395437.649617882 4440870.51861424
1191276569000 395436.681793111 4440872.63444689
1191276575000 395435.8986859   4440873.53671659
1191276581000 395435.151620947 4440873.38768011
1191276587000 395434.943553621 4440873.63034914
1191276593000 395434.557097327 4440873.33749108
1191276599000 395433.346522317 4440877.94302923
1191276605000 395432.823466629 4440878.10404796
1191276611000 395432.533178026 4440877.72075194
1191276617000 395432.490997956 4440877.5757869
1191276623000 395432.465457095 4440876.90536356
1191276629000 395432.557685591 4440876.67633819
1191276635000 395432.586063789 4440876.40600607
1191276641000 395432.648753076 4440876.10442583
1191276647000 395432.916486379 4440875.76743251
1191276653000 395433.027588895 4440875.78815662
1191276659000 395432.873052666 4440875.46250084
1191276665000 395432.980113199 4440875.26147277
1191276671000 395433.072305687 4440875.15273607
1191276677000 395433.082804325 4440874.90870358
1191276683000 395440.354562097 4440875.57609728
1191276689000 395439.732973455 4440875.34881223
1191276695000 395438.903229611 4440875.17122658
1191276701000 395436.631955305 4440875.4252516
1191276707000 395436.077217056 4440875.01034921
1191277061992 395423.984304077 4440882.94815422
1191277068000 395427.754134632 4440882.08662252
1191277071000 395428.435095383 4440881.50417332
1191277074000 395428.027721103 4440881.38779694
1191277077000 395428.230680204 4440881.19622191
1191277080000 395427.995260351 4440879.6651362
1191277083000 395428.16697863  4440879.62059877
1191277175000 395419.678927935 4440854.15476178
1191277184000 395419.681640206 4440852.97271704
1191277190000 395420.5048684   4440855.78752432
1191277196000 395422.324747699 4440861.55964916
1191277202000 395423.62754238  4440865.00487387
1191277205000 395424.05396858  4440865.58653231
1191277208000 395424.494348274 4440866.66028415
1191277211000 395424.72981646  4440867.07309882
1191277214000 395424.778989014 4440867.13423524
1191277217000 395424.894099199 4440867.20367088
1191277220000 395425.771279538 4440867.5339273
1191277223000 395426.657338836 4440866.62661435
1191277226000 395426.724870734 4440866.67391092
1191277229000 395426.753451094 4440866.76244837
1191277232000 395426.736914134 4440866.53178471
1191277235000 395426.928943027 4440866.36744285
1191277238000 395427.174101584 4440866.20553235
1191277241000 395427.802720099 4440866.28924234
1191277244000 395428.046021122 4440866.50967823
1191277247000 395427.972939687 4440866.38211775
1191277250000 395428.375516348 4440866.54176764
1191277253000 395428.763618682 4440867.11259277
1191277256000 395428.880603632 4440866.9692604
1191277259000 395429.193549905 4440867.19097174
1191277262000 395429.631612708 4440868.90241174
1191277265000 395429.579364439 4440869.08166368
1191277268000 395429.866613954 4440869.3364403
1191277271000 395429.828551768 4440869.19577
1191277274000 395429.828772091 4440868.7470914
1191277277000 395429.920750996 4440868.67045475
1191277280000 395430.056931461 4440868.61402789
1191277283000 395430.268763114 4440868.84354477
1191277286000 395430.379485253 4440868.95534341
1191277289000 395430.677147494 4440868.97541787
1191277292000 395430.655825815 4440868.83034679
1191277295000 395430.756724729 4440868.80688285
1191277298000 395430.855422165 4440868.98535273
1191277301000 395430.653270155 4440868.88168824
1191277304000 395430.761013465 4440868.45018838
1191277307000 395430.776825644 4440868.31110667
1191277310000 395430.823494443 4440867.98624501
1191277313000 395430.736312069 4440867.84781499
1191277316000 395430.511169536 4440867.23397394
1191277319000 395429.18467961  4440868.38459442
1191277322000 395428.836386108 4440868.32610718
1191277325000 395428.928732955 4440868.15628159
1191277328000 395428.84234587  4440867.91151007
1191277331000 395428.986628151 4440867.59080731
1191277334000 395429.047042013 4440867.08876938
1191277337000 395428.906988626 4440866.61905713
1191277340000 395428.842147663 4440866.60401751
1191277343000 395428.390272952 4440866.18931049
1191277346000 395428.412699991 4440866.2573957
1191277349000 395428.534527541 4440866.83797457
1191277352000 395428.957577157 4440867.41640584
1191277355000 395429.107729487 4440867.67072225
1191277358000 395429.118427337 4440867.54428497
1191277361000 395429.063597784 4440867.67713533
1191277364000 395429.003642    4440867.71266953
1191277367000 395429.016648544 4440867.90379284
1191277370000 395429.106494887 4440868.13652099
1191277373000 395429.09681086  4440869.27765801
1191277376000 395429.020145799 4440869.98684565
1191277379000 395429.062055624 4440869.85412905
1191277382000 395428.70640865  4440868.94299345
1191277385000 395428.767438166 4440869.17384492
1191277388000 395428.833847845 4440869.31459135
1191277391000 395428.858509217 4440869.53214642
1191277394000 395428.780378888 4440869.49400229
1191277397000 395428.607816908 4440869.58933444
1191277400000 395428.553233955 4440869.29388581
1191277403000 395427.556923346 4440870.76723394
1191277406000 395427.430978989 4440870.99020961
1191277409000 395427.405250643 4440870.9603215
1191277412000 395427.561636868 4440871.25390514
1191277415000 395427.664826677 4440871.76834981
1191277418000 395427.520865949 4440871.48849362
1191277421000 395427.684095758 4440871.65416499
1191277424000 395427.767313224 4440871.87917382
1191277427000 395428.455249825 4440873.67696831
1191277430000 395428.289460769 4440874.21514094
1191277433000 395428.089558332 4440874.43882595
1191277436000 395427.944867105 4440874.49390256
1191277439000 395428.271095145 4440874.43104068
1191277442000 395428.265388677 4440874.59912597
1191277445000 395428.354911775 4440874.3747555
1191277448000 395428.321624207 4440874.16981121
1191277451000 395428.429283243 4440874.15038023
1191277454000 395428.44548114  4440873.97412891
1191277457000 395427.959322307 4440873.01788884
1191277460000 395428.060890282 4440873.09799778
1191277463000 395428.072872711 4440872.99456978
1191277466000 395428.163689996 4440872.98720566
1191277469000 395427.662302382 4440870.70817433
1191277472000 395428.05252962  4440870.82823711
1191277475000 395428.488647766 4440870.78194887
1191277478000 395428.548480546 4440870.5545081
1191277481000 395428.29794695  4440869.96286685
1191277484000 395428.494258522 4440870.70794098
1191277487000 395428.695020747 4440870.90109523
1191277490000 395428.773525183 4440871.03831423
1191277493000 395428.666360895 4440871.03402928
1191277496000 395428.707741557 4440871.05758472
1191277499000 395428.743437166 4440871.2714038
1191277502000 395429.040734809 4440871.84071271
1191277505000 395429.138510702 4440872.00746058
1191277508000 395429.158718618 4440872.276973
1191277511000 395429.201669588 4440872.32401618
1191277514000 395429.212052983 4440872.378286
1191277517000 395429.466767169 4440872.11681185
1191277520000 395429.197539996 4440871.53559279
1191277523000 395429.632707331 4440871.51076427
1191277526000 395429.63059477  4440871.21957531
1191277529000 395428.471003786 4440871.14580199
1191277532000 395427.411052025 4440871.30996294
1191277535000 395428.284018474 4440871.62781116
1191277538000 395430.109500793 4440872.05880972
1191277541000 395430.373827033 4440871.91479133
1191277544000 395430.205122202 4440871.75411491
1191277547000 395430.227830847 4440871.74195583
1191277550000 395430.255637345 4440871.64882041
1191277553000 395430.670280102 4440871.90595785
1191277556000 395430.499812543 4440871.6850799
1191277559000 395430.318084604 4440871.64681574
1191277562000 395430.348574079 4440871.68253577
1191277565000 395430.357699487 4440871.71522428
1191277568000 395430.382322568 4440871.61431921
1191277571000 395430.554162025 4440871.77103268
1191277574000 395430.416528169 4440871.80076719
1191277577000 395430.576922395 4440871.26861716
1191277580000 395430.644203434 4440871.4674047
1191277583000 395430.977653291 4440871.42608447
1191277586000 395431.078362815 4440871.53024469
1191277589000 395431.189993386 4440871.5038605
1191277592000 395431.278983813 4440871.56144925
1191277595000 395431.182713191 4440871.25066392
1191277598000 395431.095146825 4440871.16221485
1191277601000 395431.045185719 4440871.10484961
1191277604000 395430.908347579 4440871.10282554
1191277607000 395430.932870506 4440871.08523814
1191277610000 395430.905839537 4440871.00431398
1191277613000 395430.872046341 4440871.0872317
1191277616000 395430.7944124   4440871.17232243
1191277619000 395430.701555555 4440871.32470006
1191277622000 395430.601719512 4440871.95274556
1191277625000 395430.571474096 4440872.37007082
1191277628000 395430.341329854 4440873.06498201
1191277631000 395430.313604772 4440873.09157461
1191277634000 395430.30258126  4440873.20968002
1191277637000 395430.153219828 4440873.05492154
1191277640000 395429.884905716 4440872.8901871
1191277643000 395429.756466918 4440872.80304119
1191277646000 395429.767310503 4440872.66134055
1191277649000 395429.992024437 4440872.58572704
1191277652000 395430.123075423 4440872.86970384
1191277655000 395430.044356164 4440873.05490629
1191277658000 395430.158874603 4440873.49455668
1191277661000 395430.219703055 4440873.99119479
1191277664000 395430.183618214 4440873.99838738
1191277667000 395430.139051563 4440873.77249513
1191277670000 395430.144250463 4440873.32727451
1191277673000 395430.02360431  4440873.19835152
1191277676000 395429.944726986 4440872.4645517
1191277679000 395429.924735956 4440872.12028574
1191277682000 395429.923333298 4440871.84849661
1191277685000 395429.765412894 4440871.72228022
1191277688000 395429.760346214 4440871.53236256
1191277691000 395429.887236033 4440871.5304108
1191277694000 395430.175088014 4440871.23709125
1191277697000 395430.413412619 4440871.32299246
1191277700000 395430.139969982 4440871.58257527
1191277703000 395430.258918881 4440871.6293901
1191277706000 395430.425932252 4440871.92195925
1191277709000 395430.421767658 4440872.02450042
1191277712000 395430.2107676   4440871.62258917
1191277715000 395430.310167046 4440871.98385201
1191277718000 395430.268023779 4440872.33847664
1191277721000 395430.197053316 4440872.33873834
1191277724000 395429.947733471 4440872.10173209
1191277727000 395429.879035974 4440871.53973078
1191277730000 395429.961077581 4440871.3841664
1191277733000 395430.202093121 4440871.55101833
1191277736000 395430.373686948 4440871.7782248
1191277739000 395430.585860288 4440872.1046737
1191277742000 395430.658088264 4440872.08045219
1191277745000 395430.729231674 4440872.22749516
1191277748000 395430.688116201 4440872.35197968
1191277751000 395430.87753046  4440872.3146646
1191277754000 395430.748277229 4440871.91055688
1191277757000 395430.823309328 4440872.0160332
1191277760000 395430.884530123 4440871.69553666
1191277763000 395430.490184944 4440871.5794629
1191277766000 395430.424320339 4440872.54929297
1191277769000 395431.130427483 4440872.79932283
1191277772000 395431.429270562 4440873.44303676
1191277775000 395431.491401285 4440873.58476211
1191277778000 395431.534103042 4440873.59912827
1191277781000 395431.11700999  4440873.79551059
1191277784000 395431.247722065 4440873.81497261
1191277787000 395431.313606935 4440873.7745448
1191277790000 395431.247664244 4440873.53842383
1191277793000 395430.342982578 4440872.52700731
1191277796000 395431.059149601 4440875.3311186
1191277799000 395431.388352534 4440875.55450971
1191277802000 395431.234408754 4440875.66133259
1191277805000 395431.113410339 4440875.58050652
1191277808000 395431.086855254 4440875.4752273
1191277811000 395430.730489161 4440875.67583828
1191277814000 395430.888173983 4440875.59404721
1191277817000 395430.801317809 4440875.61333785
1191277820000 395430.696695496 4440875.35583524
1191277823000 395430.684781296 4440875.22100845
1191277826000 395429.070969569 4440875.24820826
1191277829000 395428.945429444 4440875.23713008
1191277832000 395428.924050855 4440874.94085896
1191277835000 395428.927716368 4440874.61517657
1191277838000 395429.31308818  4440874.29311639
1191277841000 395429.274716201 4440874.11509036
1191277844000 395429.410692471 4440874.25061648
1191277847000 395429.45210846  4440874.06020889
1191277850000 395429.296324893 4440873.82033209
1191277853000 395429.182987635 4440873.79854876
1191277856000 395429.211102708 4440873.67431713
1191277859000 395429.137101239 4440873.57693559
1191277862000 395432.825685991 4440874.40472737
1191277865000 395432.48117575  4440874.39447385
1191277868000 395432.276553546 4440874.2999053
1191277871000 395432.829406075 4440874.07880228
1191277874000 395433.030385323 4440873.74539747
1191277877000 395432.879516598 4440873.84936287
1191277880000 395432.399853915 4440874.5980441
1191277883000 395432.32484356  4440874.86462726
1191277886000 395432.492375195 4440874.94464325
1191277889000 395432.499610781 4440874.81416941
1191277892000 395432.552859677 4440875.0855221
1191277895000 395432.669314846 4440875.21507108
1191277898000 395432.503910763 4440875.53441994
1191277901000 395432.511966808 4440875.36438103
1191277904000 395432.221648505 4440875.34271515
1191277907000 395432.170516954 4440875.14620701
1191277910000 395433.818385362 4440876.10398723
1191277913000 395437.126157007 4440877.76553115
1191277916000 395438.955154272 4440878.55934957
1191277919000 395438.786319756 4440878.33472063
1191277922000 395439.168495447 4440878.38791025
1191277925000 395439.645980683 4440878.70233486
1191277928000 395442.127252578 4440879.96307526
1191277931000 395445.300805183 4440882.27980256
1191277934000 395448.101634621 4440883.96177063
1191277937000 395450.253161198 4440886.3504535
1191277940000 395452.037750748 4440887.76712165
1191277946000 395454.544873391 4440891.84257756
1191277949000 395451.518243796 4440894.8088548
1191277952000 395450.049761457 4440898.1991594
1191277955000 395449.734607807 4440904.00851904
1191277958000 395446.725219531 4440906.80286899
1191277961000 395442.944277143 4440909.31869566
1191277964000 395436.186173218 4440909.84673101
1191277967000 395430.331475264 4440909.72236901
1191277970000 395422.948179835 4440909.32043742
1191277973000 395417.603185668 4440909.39560051
1191277976000 395412.437795747 4440910.06418773
1191277979000 395408.13777844  4440911.52920234
1191277982000 395404.281626825 4440913.6437635
1191277985000 395400.870590646 4440916.43039094
1191277988000 395397.81452819  4440918.99933982
1191277991000 395394.92980142  4440921.53407159
1191277994000 395392.399616665 4440924.31105972
1191277997000 395389.419684168 4440926.95792565
1191278000000 395386.43663563  4440928.26726977
1191278003000 395383.536401652 4440928.41097933
1191278006000 395380.591463877 4440928.2019539
1191278009000 395377.609329737 4440928.50106412
1191278012000 395375.147676788 4440928.15838609
1191278015000 395372.457020421 4440928.21788079
1191278018000 395368.662881644 4440928.55081819
1191278021000 395365.805975363 4440928.70431145
1191278024000 395361.318830225 4440928.42481445
1191278027000 395358.608032941 4440928.71331765
1191278030000 395355.961921581 4440930.01226201
1191278033000 395353.145958217 4440930.83376497
1191278036000 395351.904566002 4440933.29900549
1191278039000 395349.15262232  4440934.06123498
1191278042000 395344.938305694 4440934.23890405
1191278048000 395337.772195253 4440934.13016603
1191278051000 395332.811492614 4440933.8578912
1191278054000 395328.264559089 4440933.77956647
1191278057000 395324.524287306 4440933.25382601
1191278060000 395320.76490501  4440932.51254199
1191278063000 395318.265443152 4440929.41378047
1191278066000 395314.13922512  4440928.44604194
1191278069000 395310.417140325 4440928.71545743
1191278072000 395305.445752021 4440929.01427653
1191278075000 395300.351135635 4440929.47958912
1191278078000 395296.208686975 4440929.16290516
1191278081000 395293.907025912 4440927.979397
1191278084000 395292.582866287 4440924.544224
1191278087000 395292.020639452 4440921.03098275
1191278090000 395291.68104519  4440916.94994783
1191278093000 395291.141022179 4440913.13143296
1191278096000 395289.695497659 4440909.88340937
1191278099000 395289.620582751 4440906.25585899
1191278102000 395290.193861254 4440902.03243525
1191278105000 395290.251710351 4440897.90624226
1191278108000 395289.737145366 4440894.23350596
1191278111000 395290.032778625 4440890.07591432
1191278114000 395290.360602712 4440887.04327889
1191278117000 395291.06150474  4440884.02423538
1191278120000 395290.888723905 4440880.6253497
1191278123000 395290.304182808 4440877.00766893
1191278126000 395290.197388464 4440873.47268988
1191278129000 395289.773590853 4440869.72492597
1191278132000 395289.416523101 4440866.55883704
1191278135000 395288.68518204  4440862.7726123
1191278138000 395287.274794106 4440856.71443896
1191278141000 395286.555582634 4440852.30265583
1191278144000 395285.538591711 4440847.40193251
1191278147000 395285.047898133 4440842.8593901
1191278150000 395284.520276289 4440838.13077399
1191278153000 395283.953536282 4440833.99207742
1191278156000 395283.54120207  4440830.01458259
1191278159000 395284.015674212 4440826.79201911
1191278162000 395284.042298032 4440822.42324545
1191278165000 395283.856310747 4440818.36524381
1191278171000 395282.616091719 4440811.96725896
1191278174000 395281.347349968 4440806.75786832
1191278177000 395281.293694737 4440803.6171536
1191278180000 395281.274433182 4440800.32514862
1191278183000 395283.681958289 4440797.57217749
1191278186000 395284.84025559  4440793.59198095
1191278189000 395285.441298746 4440791.52933344
1191278192000 395285.271238109 4440788.02327705
1191278195000 395284.949277125 4440785.16643992
1191278198000 395284.393495942 4440781.55506351
1191278201000 395283.505433996 4440778.30582597
1191278204000 395282.343266843 4440775.47101412
1191278207000 395282.646836085 4440774.25468977
1191278210000 395282.209563337 4440772.75115248
1191278213000 395281.748812669 4440769.41811621
1191278216000 395283.049281995 4440765.20515549
1191278219000 395282.754156395 4440761.0260056
1191278222000 395282.47107566  4440756.48784687
1191278225000 395282.46646756  4440753.53012915
1191278228000 395282.658066355 4440751.70310562
1191278231000 395282.645050479 4440751.54220635
1191278234000 395282.462238028 4440750.5363091
1191278237000 395282.515157469 4440750.3623623
1191278240000 395282.24040747  4440746.39013212
1191278243000 395282.011924405 4440741.63005918
1191278246000 395282.006481053 4440737.37852346
1191278249000 395282.041376635 4440731.31326845
1191278252000 395282.055485939 4440727.30181836
1191278255000 395281.905300013 4440725.23537822
1191278258000 395282.115449556 4440723.4488863
1191278261000 395282.178506139 4440719.76038028
1191278264000 395282.594886747 4440716.08065655
1191278267000 395284.345784796 4440713.81919846
1191278270000 395284.185347212 4440709.93086121
1191278273000 395286.182307405 4440707.45134667
1191278276000 395288.028866395 4440704.24108942
1191278279000 395289.867757848 4440701.44759077
1191278282000 395291.579380263 4440699.33555745
1191278285000 395293.151355524 4440696.41825327
1191278288000 395295.130861131 4440693.91393287
1191278291000 395296.189215557 4440691.57676316
1191278294000 395298.290635655 4440689.7737941
1191278297000 395300.241853295 4440688.7547211
1191278300000 395302.545399307 4440687.09444291
1191278303000 395304.516465857 4440684.82341216
1191278306000 395307.621850926 4440683.41446564
1191278309000 395308.838461947 4440681.96657202
1191278312000 395310.606626472 4440680.1532067
1191278315000 395312.356761629 4440677.97543632
1191278318000 395314.668204424 4440674.42385963
1191278321000 395316.46680907  4440670.85989099
1191278324000 395318.206538354 4440666.90861158
1191278327000 395320.872731188 4440663.71876951
1191278330000 395321.361016152 4440661.52584895
1191278333000 395322.849575689 4440660.08920547
1191278336000 395323.642714586 4440657.18250259
1191278339000 395325.760374213 4440653.12790767
1191278342000 395326.585371155 4440650.92962888
1191278345000 395327.369617256 4440648.79318462
1191278348000 395328.83257576  4440646.2699883
1191278351000 395329.22910678  4440644.12367552
1191278354000 395329.934224383 4440640.40869047
1191278357000 395331.140364085 4440635.09266303
1191278360000 395331.673707617 4440629.83321814
1191278363000 395331.445831917 4440625.61268207
1191278366000 395332.324425766 4440620.877081
1191278369000 395333.266384897 4440617.10184016
1191278375000 395334.409311642 4440610.92756692
1191278378000 395334.90177899  4440604.61004564
1191278381000 395336.650950042 4440598.14185684
1191278384000 395337.349157575 4440594.68433284
1191278387000 395337.707796302 4440590.82443989
1191278390000 395339.273000017 4440586.89394364
1191278393000 395341.123469855 4440582.31839936
1191278396000 395343.499070048 4440578.63047549
1191278399000 395345.396807552 4440575.82991782
1191278402000 395348.142995804 4440573.30851542
1191278405000 395351.171238436 4440570.88975673
1191278411000 395357.53687129  4440568.0268154
1191278414000 395362.188093958 4440567.05211393
1191278417000 395365.92987747  4440566.25509782
1191278420000 395369.752613199 4440563.87210554
1191278423000 395371.564126126 4440562.83120876
1191278426000 395371.732048102 4440562.38811034
1191278429000 395371.701922832 4440561.93943558
1191278432000 395372.130852608 4440561.247289
1191278435000 395372.036025959 4440560.7592673
1191278438000 395371.987920231 4440560.40243289
1191278441000 395372.373389375 4440559.88615573
1191278444000 395372.975094982 4440559.15645264
1191278447000 395372.934740818 4440558.98081523
1191278450000 395373.890045407 4440557.29581771
1191278453000 395374.094149265 4440557.19732029
1191278456000 395374.204588123 4440557.03543552
1191278459000 395374.005643824 4440557.46970565
1191278462000 395374.199836842 4440557.36881318
1191278465000 395374.384091601 4440557.25834339
1191278468000 395374.544128717 4440557.19918044
1191278471000 395374.559751589 4440557.1538284
1191278474000 395374.701656174 4440556.94901258
1191278477000 395374.981986544 4440556.91881073
1191278480000 395375.127820937 4440556.86937181
1191278483000 395375.227902831 4440556.85687777
1191278486000 395375.182676855 4440556.86119979
1191278489000 395375.375618016 4440556.8358564
1191278492000 395375.611535315 4440556.88681114
1191278495000 395376.075644357 4440557.23054394
1191278498000 395376.156546108 4440557.21175736
1191278501000 395376.265833133 4440557.21734918
1191278504000 395376.500783324 4440557.39085705
1191278507000 395376.729815241 4440557.70638893
1191278510000 395376.798966765 4440557.61149403
1191278513000 395377.013280111 4440557.70392577
1191278516000 395377.115261624 4440557.75216513
1191278519000 395377.249767721 4440557.8950835
1191278522000 395377.31187269  4440558.04141365
1191278525000 395377.104380387 4440557.87446894
1191278528000 395377.210811938 4440557.77092799
1191278531000 395377.372507281 4440557.7115972
1191278534000 395376.97777838  4440557.38915613
1191278537000 395376.972425074 4440557.33593544
1191278540000 395376.903540784 4440557.21821239
1191278543000 395376.96848092  4440557.24129585
1191278546000 395377.069752233 4440557.34937601
1191278549000 395377.193710083 4440557.62590936
1191278552000 395377.538545759 4440557.83871895
1191278555000 395377.831771238 4440558.00424072
1191278558000 395378.449187246 4440557.80177162
1191278561000 395380.956375342 4440555.99435308
1191278564000 395383.624556585 4440552.74469882
1191278567000 395386.546041225 4440549.61469503
1191278570000 395388.995330317 4440546.60021363
1191278573000 395391.27183621  4440543.81279589
1191278576000 395393.125154905 4440541.22420569
1191278579000 395395.377150888 4440538.52715068
1191278582000 395397.515990196 4440536.26251287
1191278585000 395400.470204752 4440537.00838611
1191278588000 395402.44036656  4440534.0810915
1191278591000 395403.426129255 4440531.43880309
1191278594000 395405.337895439 4440528.38252349
1191278597000 395407.280408425 4440525.21737058
1191278600000 395408.053301973 4440523.48588078
1191278603000 395410.096285359 4440519.96574311
1191278606000 395411.876818237 4440516.68704706
1191278609000 395414.02765395  4440513.93750065
1191278612000 395415.709765759 4440511.24220203
1191278615000 395418.145348201 4440508.13311273
1191278618000 395420.331025818 4440504.74487268
1191278621000 395422.000640459 4440501.77134347
1191278624000 395423.710631249 4440498.67304912
1191278627000 395425.494214447 4440495.86606019
1191278630000 395427.228276148 4440492.96523492
1191278633000 395427.2603123   4440492.3347668
1191278636000 395427.284685379 4440491.54542179
1191278639000 395429.158224555 4440489.32850738
1191278642000 395433.019175161 4440483.9641135
1191278645000 395434.783649823 4440480.03844335
1191278648000 395435.856174235 4440475.47796478
1191278651000 395436.906049675 4440471.47593058
1191278654000 395437.612583774 4440467.61931966
1191278657000 395437.524920111 4440464.03537633
1191278660000 395435.237685332 4440461.31408965
1191278663000 395432.836890809 4440458.5272687
1191278666000 395431.237384222 4440456.02539468
1191278669000 395429.028701189 4440452.93410055
1191278672000 395426.613499695 4440449.82910243
1191278675000 395424.087717248 4440446.74864905
1191278678000 395422.381723448 4440444.05615131
1191278681000 395419.56619454  4440440.75627533
1191278684000 395417.072807982 4440438.11508081
1191278687000 395414.063877347 4440434.31999716
1191278690000 395411.12630094  4440429.47837797
1191278693000 395407.779772679 4440423.44657867
1191278696000 395404.85008558  4440418.91662754
1191278699000 395402.072379542 4440415.62245185
1191278702000 395399.56225621  4440412.60043162
1191278708000 395396.006899712 4440406.55002115
1191278711000 395392.652867875 4440402.36581829
1191278714000 395390.318318102 4440399.36263463
1191278717000 395386.901373889 4440397.18364636
1191278720000 395384.067977536 4440393.4861975
1191278723000 395384.358632011 4440389.09479198
1191278726000 395384.397312565 4440385.23047051
1191278729000 395384.539415075 4440380.86278518
1191278732000 395384.498583106 4440377.23326346
1191278735000 395384.91456425  4440372.90053722
1191278738000 395384.899306027 4440369.61125253
1191278741000 395384.689363854 4440365.69345831
1191278744000 395384.274628293 4440362.32202277
1191278747000 395384.191211668 4440360.03568971
1191278750000 395384.326784093 4440356.66524707
1191278753000 395384.778451409 4440352.99363125
1191278756000 395384.857722477 4440349.19854189
1191278759000 395384.987761953 4440345.89439398
1191278762000 395385.10056643  4440341.88486174
1191278765000 395384.967901521 4440338.5454452
1191278768000 395384.999584868 4440334.67931483
1191278771000 395385.077235886 4440331.74432304
1191278774000 395384.320504498 4440328.42593032
1191278777000 395380.722290357 4440328.69066297
1191278780000 395379.956966218 4440324.78141437
1191278783000 395378.583197401 4440322.00790268
1191278786000 395378.760980833 4440317.47147758
1191278789000 395378.90016921  4440313.58163068
1191278792000 395379.281333659 4440309.89865304
1191278795000 395379.195344046 4440306.6825652
1191278798000 395379.032504945 4440303.34110121
1191278801000 395379.049269726 4440298.65433756
1191278804000 395378.996508877 4440293.03823786
1191278807000 395378.445224017 4440289.16000828
1191278810000 395377.518279375 4440284.08339666
1191278813000 395376.584458183 4440279.23762348
1191278816000 395376.801172595 4440274.34480649
1191278819000 395377.151769639 4440270.47626596
1191278822000 395377.69487414  4440266.51860703
1191278825000 395377.632591283 4440262.86449908
1191278828000 395378.115886825 4440257.96938054
1191278831000 395378.089507734 4440253.36094538
1191278834000 395376.232838971 4440248.1816467
1191278837000 395376.171956802 4440243.93698962
1191278840000 395376.382673832 4440239.96450353
1191278843000 395376.00088108  4440235.64580339
1191278846000 395375.975952966 4440232.29750541
1191278849000 395376.529743476 4440228.23530559
1191278852000 395376.35037006  4440225.53745903
1191278855000 395375.703439903 4440222.44823949
1191278858000 395375.941442716 4440218.85016197
1191278861000 395375.708107956 4440215.46023393
1191278867000 395375.854855464 4440209.53661327
1191278870000 395375.34885273  4440204.82163866
1191278873000 395374.31748699  4440202.13966196
1191278876000 395373.507915391 4440199.80166418
1191278879000 395373.328791594 4440196.50064368
1191278882000 395373.932739767 4440192.58124754
1191278885000 395373.46070963  4440189.21005007
1191278888000 395375.666466806 4440185.99695596
1191278891000 395380.402245555 4440184.66234327
1191278894000 395385.157196119 4440183.69649474
1191278897000 395389.462648826 4440182.98580697
1191278900000 395394.243532932 4440181.89996187
1191278903000 395398.095376185 4440181.65583818
1191278906000 395402.378678007 4440180.99527162
1191278909000 395406.961094053 4440180.54223835
1191278912000 395411.627033891 4440180.09446164
1191278915000 395416.224156994 4440178.73682783
1191278918000 395421.847180615 4440177.03033493
1191278921000 395426.002542925 4440176.11192824
1191278924000 395429.786068849 4440176.25331072
1191278927000 395434.226065111 4440175.82712269
1191278930000 395438.347864771 4440175.44647359
1191278933000 395440.453231177 4440175.84901485
1191278936000 395440.270988533 4440175.38330337
1191278939000 395439.467538922 4440176.67890161
1191278942000 395437.594473175 4440179.13400959
1191278945000 395436.925505675 4440181.38125821
1191278948000 395436.426289906 4440183.2451396
1191278951000 395436.315868889 4440186.0789826
1191278954000 395436.339362503 4440189.12986406
1191278957000 395436.074332456 4440193.22441217
1191278960000 395435.332932131 4440197.14606655
1191278963000 395433.952852243 4440200.23214866
1191278966000 395434.729783301 4440204.11313185
1191278969000 395434.37432344  4440207.18322065
1191278972000 395434.291377084 4440210.71570332
1191278975000 395434.696901601 4440214.91589491
1191278978000 395434.441571969 4440218.93789589
1191278981000 395434.467140074 4440222.38592872
1191278984000 395434.571533913 4440226.03278456
1191278987000 395434.312319131 4440229.64317626
1191278990000 395434.2640631   4440233.49429373
1191278993000 395434.717847064 4440236.99340979
1191278996000 395434.858075222 4440241.14951048
1191278999000 395435.485228649 4440244.73449879
1191279002000 395435.260787004 4440248.42190195
1191279005000 395434.593481057 4440250.62822185
1191279008000 395433.178081778 4440252.6998408
1191279011000 395432.497971222 4440255.42993043
1191279014000 395432.480340584 4440259.1815099
1191279017000 395432.591706354 4440262.26752651
1191279020000 395433.664990453 4440265.84072498
1191279023000 395435.02193138  4440269.35951835
1191279026000 395436.939295774 4440272.028635
1191279029000 395439.465672518 4440274.03081521
1191279032000 395442.516732032 4440276.40650223
1191279035000 395445.016092691 4440278.55827792
1191279038000 395447.805722586 4440280.62754296
1191279041000 395451.78418333  4440283.449446
1191279044000 395456.010689759 4440287.30681899
1191279047000 395460.196591483 4440290.126203
1191279050000 395463.427665393 4440293.1930158
1191279053000 395467.036361579 4440294.80410155
1191279056000 395470.162803496 4440295.57410166
1191279059000 395473.374723545 4440296.48048669
1191279062000 395476.890616016 4440297.0772175
1191279065000 395480.608467725 4440300.29979168
1191279068000 395484.622291955 4440303.06081365
1191279070999 395488.219533352 4440304.68499592
1191279074001 395493.004919677 4440306.36109122
1191279077000 395496.493388724 4440307.60258405
1191279080000 395500.020293153 4440308.1012998
1191279083000 395503.547409021 4440309.00194228
1191279086000 395505.757718206 4440310.88640912
1191279089000 395507.526258415 4440311.78751074
1191279092000 395509.998876318 4440312.25039494
1191279095000 395513.709932126 4440312.31152593
1191279098000 395517.012607797 4440312.64280572
1191279101000 395520.459495134 4440313.03769458
1191279104000 395524.042744808 4440313.63328779
1191279107000 395527.331318239 4440313.89121007
1191279110000 395531.204092119 4440315.48673259
1191279113000 395531.623388433 4440317.85164339
1191279116000 395531.716000805 4440320.13466687
1191279119000 395531.216933705 4440322.66977867
1191279122000 395529.364520724 4440323.05957007
1191279125000 395530.200404743 4440324.08698974
1191279128000 395531.508049028 4440324.28719782
1191279131000 395536.723321125 4440327.69601293
1191279137000 395546.33324795  4440330.23749234
1191279140000 395554.28478641  4440331.02353227
1191279143000 395558.723767095 4440332.21105781
1191279146000 395560.474992366 4440333.3832404
1191279149000 395562.582514498 4440335.07686529
1191279152000 395565.722557267 4440336.98513159
1191279155000 395567.614084374 4440338.99770604
1191279158000 395571.160250254 4440339.96693545
1191279161000 395575.50276968  4440341.06416643
1191279164000 395579.183920585 4440341.75817426
1191279167000 395582.60341037  4440341.67345222
1191279170000 395585.79383161  4440342.0306562
1191279173000 395588.943601334 4440341.75145634
1191279176000 395592.41680334  4440343.02022196
1191279179000 395597.294751661 4440343.49798223
1191279182000 395602.502533145 4440343.70122508
1191279185000 395608.143990233 4440343.92496075
1191279188000 395612.142574914 4440343.79912776
1191279194000 395618.265073265 4440344.03371414
1191279197000 395621.295165512 4440344.60295469
1191279200000 395626.092111997 4440344.71928556
1191279203000 395630.408331689 4440345.06085494
1191279206000 395636.029383363 4440344.89020498
1191279209000 395640.907087546 4440344.79542073
1191279212000 395645.866512324 4440344.57451563
1191279215000 395650.042097961 4440344.4588808
1191279218000 395656.476233887 4440344.01158147
1191279221000 395660.276786653 4440343.80447735
1191279224000 395663.860842783 4440343.5400633
1191279227000 395667.316134041 4440343.30031723
1191279230000 395670.564514869 4440342.8974161
1191279233000 395673.198179518 4440342.94433255
1191279236000 395674.69576982  4440343.54399304
1191279239000 395676.130675096 4440345.58826157
1191279242000 395676.824160936 4440348.916963
1191279245000 395677.046661965 4440352.60181786
1191279248000 395677.501288064 4440356.09368868
1191279251000 395678.295367196 4440356.69042247
1191279254000 395682.738232683 4440356.70279659
1191279257000 395686.841952024 4440356.58000405
1191279260000 395691.511108821 4440356.89869355
1191279263000 395695.516668422 4440357.68304031
1191279266000 395697.731089339 4440360.87618284
1191279269000 395697.871887272 4440364.41310151
1191279272000 395697.271336934 4440368.34307395
1191279275000 395697.215610673 4440372.16915771
1191279278000 395697.025536738 4440376.0962943
1191279281000 395697.089653275 4440379.21410157
1191279284000 395696.775522122 4440382.81904807
1191279287000 395696.111190165 4440385.86036646
1191279290000 395695.821891172 4440388.97214734
1191279293000 395695.529693611 4440391.93801265
1191279296000 395695.990463103 4440395.43780228
1191279299000 395695.644375155 4440397.9154089
1191279302000 395695.834491492 4440401.65727625
1191279305000 395695.488875952 4440404.90274434
1191279308000 395695.392402389 4440408.60478067
1191279311000 395695.206384319 4440411.62895796
1191279314000 395694.918773711 4440415.02645454
1191279317000 395694.169599308 4440419.33351575
1191279320000 395693.790666213 4440422.45968558
1191279323000 395693.559670763 4440425.91609031
1191279326000 395693.915514496 4440429.62844184
1191279329000 395694.223696481 4440433.63408005
1191279332000 395694.677271695 4440437.46793834
1191279335000 395694.996291056 4440441.09723258
1191279338000 395695.022282631 4440443.96010863
1191279341000 395695.316797571 4440447.17939105
1191279344000 395695.350315372 4440450.47596298
1191279347000 395695.011594123 4440453.73039383
1191279350000 395694.738230255 4440457.20318193
1191279353000 395694.531195934 4440460.16882696
1191279356000 395694.066246066 4440463.19053316
1191279359000 395694.553979388 4440468.38238419
1191279362000 395693.286633211 4440470.01132852
1191279365000 395691.138353106 4440472.32855533
1191279368000 395688.404140934 4440475.18118683
1191279371000 395684.663571075 4440477.60193739
1191279374000 395681.521890034 4440480.63105515
1191279377000 395681.937533726 4440484.8517524
1191279380000 395682.500482356 4440489.17516612
1191279383000 395682.294390799 4440492.56097536
1191279386000 395683.012108469 4440496.58297
1191279389000 395683.917630932 4440500.52910798
1191279392000 395684.454603873 4440504.65074083
1191279395000 395684.231279159 4440507.68842502
1191279398000 395683.563964532 4440510.80884117
1191279401000 395684.247369197 4440514.98834181
1191279404000 395682.881564095 4440517.63995216
1191279407000 395683.630813702 4440522.44768646
1191279410000 395684.314801613 4440526.90218125
1191279413000 395685.169552033 4440532.28283158
1191279416000 395685.054782274 4440535.89145413
1191279419000 395687.378301774 4440543.0314076
1191279425000 395688.957421704 4440549.23696038
1191279428000 395688.520936773 4440556.00758804
1191279431000 395688.362190653 4440560.27380092
1191279434000 395688.018444544 4440564.31495154
1191279437000 395687.942078275 4440567.62217576
1191279440000 395687.843494615 4440571.23866618
1191279443000 395686.214682487 4440571.42505837
1191279446000 395683.032920053 4440571.25850615
1191279449000 395681.10219727  4440572.1120452
1191279452000 395678.785291729 4440571.96218768
1191279455000 395677.787847498 4440572.85193199
1191279458000 395677.337116198 4440574.53920282
1191279461000 395677.330056621 4440578.35871043
1191279464000 395677.438244061 4440582.89505419
1191279467000 395677.305634666 4440586.22183956
1191279470000 395677.344546105 4440589.8645349
1191279473000 395676.691276098 4440593.31977595
1191279476000 395676.221770112 4440596.39303621
1191279479000 395676.188345556 4440599.97940984
1191279482000 395675.901761662 4440603.4572367
1191279485000 395675.526532037 4440607.11955689
1191279488000 395674.880526798 4440610.63456057
1191279491000 395674.97671035  4440614.58745166
1191279494000 395674.103534656 4440617.94807189
1191279497000 395673.750657191 4440622.21192358
1191279500000 395673.117296918 4440625.82082654
1191279503000 395672.953104381 4440630.20248852
1191279506000 395672.661876448 4440634.01087126
1191279509000 395672.935756146 4440637.8251726
1191279512000 395673.508392679 4440641.8499322
1191279515000 395673.626990443 4440645.9376935
1191279518000 395674.220074371 4440650.1647856
1191279521000 395673.378420691 4440651.93167194
1191279524000 395671.817230188 4440653.78764156
1191279527000 395670.458120369 4440656.88925849
1191279530000 395669.061518323 4440660.42569293
1191279533000 395669.110238362 4440664.91429712
1191279536000 395668.568525985 4440668.83406429
1191279539000 395668.690370241 4440672.60424736
1191279542000 395669.533999163 4440677.62580503
1191279545000 395670.035761727 4440681.33801215
1191279548000 395670.22594992  4440683.99446916
1191279551000 395670.015755899 4440687.06904023
1191279554000 395670.976456103 4440691.15537065
1191279557000 395670.560519174 4440694.24531181
1191279560000 395670.627719762 4440697.14725883
1191279563000 395669.493656707 4440700.46637884
1191279566000 395669.676323913 4440705.35415387
1191279569000 395668.885043271 4440708.72916497
1191279572000 395668.365348098 4440712.60230674
1191279575000 395669.433130674 4440719.88252443
1191279578000 395667.954623103 4440721.1360465
1191279581000 395665.679098498 4440722.19674444
1191279584000 395662.769259604 4440723.23016838
1191279587000 395659.331060966 4440724.59026269
1191279590000 395656.484002375 4440725.46241728
1191279593000 395653.392968769 4440725.68306898
1191279596000 395652.547899197 4440725.44412398
1191279599000 395650.847410761 4440725.32151567
1191279602000 395647.623498671 4440725.1801609
1191279605000 395645.752873003 4440724.97047183
1191279608000 395643.118615215 4440725.84806173
1191279611000 395641.376992789 4440726.43141668
1191279614000 395640.505848036 4440725.31277506
1191279617000 395639.593240072 4440725.07536633
1191279620000 395636.608293735 4440724.40968685
1191279623000 395634.598047294 4440723.59225604
1191279626000 395632.03391712  4440723.32699144
1191279629000 395629.092925006 4440723.84671781
1191279632000 395624.99357833  4440725.18438147
1191279635000 395623.511659066 4440723.87152578
1191279638000 395620.846490769 4440723.48602837
1191279641000 395617.762490434 4440722.46999707
1191279644000 395614.340586415 4440722.54959861
1191279647000 395612.765499949 4440721.63712533
1191279650000 395609.435512103 4440721.54248605
1191279653000 395605.611225887 4440722.35466668
1191279656000 395604.56852272  4440724.54791887
1191279659000 395599.09229158  4440726.10987701
1191279662000 395595.233767258 4440725.85998778
1191279665000 395592.121583308 4440726.20533831
1191279668000 395590.204803556 4440726.03262041
1191279671000 395590.346489947 4440728.82506366
1191279674000 395589.591652514 4440732.4080947
1191279677000 395589.591343095 4440735.74525058
1191279680000 395589.872028009 4440739.45976313
1191279683000 395588.725718813 4440744.1856306
1191279686000 395587.796236197 4440748.86396699
1191279692000 395583.660763974 4440756.61960507
1191279695000 395577.857680082 4440764.39555729
1191279698000 395576.027368164 4440768.50554535
1191279701000 395574.46836382  4440771.62414568
1191279704000 395571.45264966  4440776.40758861
1191279707000 395570.757896702 4440778.13312369
1191279710000 395569.114193237 4440781.84999381
1191279713000 395568.443184417 4440784.99169238
1191279716000 395567.841596761 4440786.14397197
1191279719000 395567.191710965 4440790.45830156
1191279722000 395565.115728482 4440796.7339971
1191279725000 395563.798610047 4440801.016889
1191279728000 395562.819661833 4440805.74839792
1191279731000 395561.291665199 4440811.44973959
1191279734000 395560.263914015 4440815.64824183
1191279737000 395559.347298464 4440818.95892555
1191279740000 395558.943263984 4440823.11765364
1191279743000 395557.460509948 4440827.62170836
1191279746000 395553.857937889 4440828.26257485
1191279749000 395551.044964857 4440828.09876592
1191279752000 395546.384051382 4440828.78378964
1191279755000 395542.237937802 4440829.80532655
1191279758000 395540.091772274 4440832.32008272
1191279764000 395535.869303501 4440832.74413704
1191279767000 395530.687660041 4440832.05758529
1191279770000 395526.644214773 4440833.14485703
1191279773000 395522.484694523 4440833.96447421
1191279776000 395518.381888292 4440834.45725343
1191279779000 395515.307394839 4440833.3191855
1191279782000 395510.503358556 4440834.89724419
1191279785000 395506.395551141 4440835.85909444
1191279788000 395502.649013125 4440835.93578566
1191279791000 395499.172785163 4440836.71796274
1191279794000 395496.21470652  4440836.22611751
1191279797000 395496.68554878  4440832.20000676
1191279800000 395492.922752966 4440831.78842821
1191279803000 395486.429248941 4440834.43991525
1191279806000 395481.336580026 4440837.61835255
1191279809000 395477.582667303 4440839.87440048
1191279812000 395473.812386481 4440842.31870321
1191279815000 395470.352628131 4440844.8331826
1191279818000 395467.744676777 4440847.1399047
1191279821000 395463.371402638 4440850.35969846
1191279824000 395460.485706222 4440851.69810069
1191279827000 395455.919652608 4440854.78068505
1191279830000 395452.471816953 4440857.08636566
1191279833000 395447.696213782 4440860.60934691
1191279836000 395443.609308252 4440863.247684
1191279839000 395439.234652959 4440866.16108902
1191279842000 395436.642145007 4440868.30463273
1191279845000 395436.050455015 4440869.26828991
1191279848000 395435.583956235 4440869.53955157
1191279851000 395435.421471065 4440869.62220502
1191279854000 395435.275631849 4440869.77537037
1191279857000 395435.143754541 4440869.81561047
1191279860000 395434.682274329 4440869.96770221
1191279863000 395434.310099255 4440870.22541314
1191279866000 395434.067146234 4440870.5307827
1191279869000 395434.008284885 4440870.53526186
1191279872000 395435.73126077  4440868.64202055
1191279875000 395435.693550139 4440868.69533278
1191279878000 395435.547224853 4440869.0421816
1191279881000 395435.352159169 4440868.51033053
1191279884000 395434.760312569 4440868.90750054
1191279887000 395434.347023774 4440869.39697531
1191279890000 395433.514803978 4440870.19381181
1191279893000 395433.110352788 4440870.34916155
1191279896000 395432.827038966 4440870.79447322
1191279899000 395432.513252448 4440871.20342194
1191279902000 395432.387503999 4440870.94024211
1191279905000 395433.189651006 4440871.38110355
1191279908000 395432.167803649 4440870.75954083
1191279911000 395432.120444311 4440870.49865511
1191279914000 395432.105896957 4440870.25194358
1191279917000 395432.177871641 4440869.95130216
1191279920000 395430.651785355 4440869.32502403
1191279923000 395430.772442825 4440869.28863768
1191279926000 395430.509558941 4440868.97462839
1191279929000 395430.770498731 4440869.23460931
1191279932000 395430.736409512 4440869.3410913
1191279935000 395430.593297164 4440869.75134912
1191279938000 395430.723150617 4440869.619825
1191279941000 395430.693926934 4440869.78690302
1191279944000 395430.700951722 4440869.60919819
1191279947000 395430.548761197 4440869.71645644
1191279950000 395430.621762125 4440869.47508944
1191279953000 395430.354929073 4440870.01136589
1191279956000 395430.307702544 4440870.12238884
1191279959000 395430.415591035 4440871.45318537
1191279962000 395430.418342132 4440871.72755351
1191279965000 395430.535495209 4440872.19630214
1191279968000 395430.488044115 4440872.64233728
1191279971000 395430.45875822  4440873.14526602
1191279974000 395430.494486539 4440873.22603145
1191279977000 395430.493568333 4440873.3271347
1191279980000 395430.416592885 4440873.39238147
1191279983000 395430.425886135 4440873.54160277
1191279986000 395430.56284359  4440873.66742907
1191279989000 395430.609076393 4440873.63676201
1191279992000 395430.588019914 4440873.49473829
1191279995000 395430.682889426 4440873.3402367
1191279998000 395430.667059868 4440873.23688528
1191280001000 395430.64388557  4440873.04742403
1191280004000 395430.534006509 4440873.37036393
1191280007000 395430.556368705 4440873.34077391
1191280010000 395430.69376182  4440873.48802574
1191280013000 395430.722944641 4440873.60687733
1191280016000 395430.783223353 4440873.28514578
1191280019000 395430.867129915 4440873.30427876
1191280022000 395430.841905732 4440873.22986557
1191280025000 395430.876960517 4440873.23557346
1191280028000 395430.970750809 4440872.99031385
1191280031000 395431.298461761 4440873.19348622
1191280034000 395431.140005133 4440873.38459974
1191280037000 395431.435450282 4440873.71589236
1191280040000 395431.611060638 4440873.63988534
1191280043000 395432.062504669 4440873.75040033
1191280046000 395431.963038389 4440873.709604
1191280049000 395432.023054643 4440873.0745201
1191280052000 395432.178174133 4440873.32791202
1191280055000 395432.240541697 4440873.34216399
1191280058000 395432.315712636 4440873.2866473
1191280061000 395432.218185159 4440872.98880883
1191280064000 395434.555965781 4440869.67567392
1191280067000 395434.543461301 4440869.60330077
1191280070000 395434.749072918 4440869.45505194
